((420.0 30.0) (480.0 90.0))
((330.0 270.0) (360.0 300.0))
((90.0 180.0) (120.0 210.0))
((510.0 270.0) (540.0 300.0))
((480.0 270.0) (510.0 300.0))
((510.0 360.0) (540.0 390.0))
((270.0 120.0) (300.0 150.0))
((240.0 240.0) (270.0 270.0))
((90.0 480.0) (120.0 510.0))
((510.0 480.0) (540.0 540.0))
((180.0 270.0) (210.0 330.0))
((480.0 300.0) (510.0 360.0))
((420.0 90.0) (480.0 120.0))
((270.0 360.0) (330.0 390.0))
((360.0 120.0) (390.0 180.0))
((450.0 270.0) (480.0 330.0))
((390.0 270.0) (420.0 330.0))
((360.0 480.0) (390.0 540.0))
((390.0 120.0) (450.0 150.0))
((150.0 180.0) (210.0 210.0))
((330.0 630.0) (390.0 660.0))
((360.0 60.0) (420.0 90.0))
((90.0 150.0) (150.0 180.0))
((270.0 60.0) (300.0 120.0))
((480.0 480.0) (510.0 540.0))
((150.0 360.0) (180.0 420.0))
((30.0 210.0) (60.0 270.0))
((420.0 510.0) (450.0 570.0))
((0.0 210.0) (30.0 270.0))
((150.0 480.0) (180.0 540.0))
((180.0 480.0) (210.0 540.0))
((240.0 480.0) (270.0 540.0))
((390.0 150.0) (450.0 180.0))
((330.0 600.0) (390.0 630.0))
((360.0 330.0) (420.0 360.0))
((210.0 480.0) (240.0 540.0))
((270.0 390.0) (330.0 420.0))
((180.0 390.0) (210.0 450.0))
((330.0 540.0) (390.0 570.0))
((330.0 570.0) (390.0 600.0))
((330.0 390.0) (360.0 450.0))
((120.0 330.0) (150.0 390.0))
((270.0 450.0) (330.0 480.0))
((120.0 480.0) (150.0 540.0))
((30.0 270.0) (60.0 330.0))
((269.999 420.0) (330.0 450.001))
((450.0 180.0) (540.0 270.0))
((270.0 180.0) (360.0 270.0))
((209.5 179.5) (270.5 240.0))
((420.0 390.0) (480.0 420.096))
((210.0 150.0) (270.0 180.096))
((120.0 210.0) (180.0 270.0))
((60.0 210.0) (120.0 270.0))
((300.0 90.0) (360.0 120.0))
((300.0 120.0) (360.0 150.0))
((510.0 390.0) (540.0 450.0))
((510.0 300.0) (540.0 360.0))
((360.0 90.0) (420.0 120.0))
((390.0 630.0) (450.0 660.0))
((150.0 150.0) (210.0 180.0))
((210.0 420.0) (270.0 450.0))
((360.0 270.0) (390.0 330.0))
((330.0 480.0) (360.0 540.0))
((90.0 330.0) (120.0 390.0))
((292.0 0.0) (330.0 62.7))
((442.0 117.3) (480.0 180.0))
((412.0 177.3) (450.0 240.0))
((352.0 0.0) (390.0 62.7))
((420.0 270.0) (450.0 330.0))
((450.0 630.0) (510.0 660.0))
((480.0 450.0) (540.0 480.0))
((450.0 330.0) (480.0 390.0))
((390.0 480.0) (420.0 540.0))
((450.0 480.0) (480.0 540.0))
((240.0 270.0) (330.006 330.0))
((420.0 420.0) (480.0 480.0))
((360.0 360.0) (420.0 420.0))
((360.0 420.0) (420.0 480.0))
((60.0 270.0) (120.0 330.0))
((330.0 0.0) (360.0 60.0))
((270.0 0.0) (300.0 60.0))
((240.0 90.0) (270.0 150.0))
((450.0 600.0) (510.0 630.0))
((120.0 270.0) (180.001 300.0))
((180.0 240.0) (240.001 270.0))
((480.0 60.0) (510.001 90.001))
((209.999 300.0) (240.0 330.001))
((209.999 269.999) (240.0 300.0))
((300.0 330.0) (330.001 360.001))
((329.999 450.0) (360.0 480.001))
((480.0 89.5) (510.0 180.5))
((360.0 180.0) (420.0 240.0))
((180.0 330.0) (240.0 360.0))
((390.0 240.0) (450.0 270.0))
((300.0 60.0) (360.0 90.0))
((330.0 330.0) (360.0 390.0))
((270.0 480.0) (330.0 540.0))
((450.0 540.0) (540.006 600.0))
((150.0 330.0) (180.0 360.0))
