(480.0 90.0)
(330.0 270.0)
(90.0 210.0)
(510.0 300.0)
(480.0 300.0)
(510.0 390.0)
(270.0 120.0)
(240.0 240.0)
(90.0 480.0)
(540.0 540.0)
(210.0 330.0)
(510.0 300.0)
(420.0 90.0)
(330.0 360.0)
(390.0 180.0)
(480.0 270.0)
(420.0 270.0)
(390.0 540.0)
(450.0 120.0)
(210.0 180.0)
(390.0 660.0)
(420.0 90.0)
(150.0 150.0)
(270.0 60.0)
(480.0 540.0)
(150.0 360.0)
(30.0 210.0)
(420.0 510.0)
(0.0 270.0)
(150.0 540.0)
(180.0 480.0)
(240.0 480.0)
(450.0 180.0)
(390.0 600.0)
(360.0 330.0)
(210.0 540.0)
(330.0 420.0)
(180.0 390.0)
(390.0 540.0)
(330.0 570.0)
(330.0 450.0)
(120.0 330.0)
(270.0 450.0)
(120.0 480.0)
(30.0 330.0)
(270.0 450.0)
(450.0 270.0)
(270.0 180.0)
(270.0 180.0)
(420.0 390.0)
(210.0 150.0)
(180.0 270.0)
(120.0 270.0)
(360.0 90.0)
(300.0 120.0)
(510.0 450.0)
(510.0 360.0)
(420.0 90.0)
(390.0 630.0)
(150.0 150.0)
(210.0 420.0)
(360.0 270.0)
(330.0 540.0)
(90.0 390.0)
(300.0 60.0)
(450.0 120.0)
(420.0 180.0)
(360.0 60.0)
(420.0 270.0)
(450.0 660.0)
(480.0 480.0)
(450.0 390.0)
(390.0 480.0)
(450.0 480.0)
(240.0 270.0)
(480.0 480.0)
(420.0 420.0)
(420.0 480.0)
(120.0 270.0)
(360.0 60.0)
(300.0 60.0)
(270.0 150.0)
(450.0 600.0)
(120.0 300.0)
(180.0 240.0)
(510.0 90.0)
(210.0 330.0)
(210.0 270.0)
(330.0 360.0)
(330.0 480.0)
(480.0 180.0)
(360.0 180.0)
(180.0 360.0)
(390.0 240.0)
(300.0 90.0)
(360.0 390.0)
(270.0 480.0)
(450.0 600.0)
(150.0 330.0)
